   "before" "after" "difference"
1      1      11         10
2      2      11          9
3      3      11          8
4      3      10          7
5      2      11          9
6      1      12         11
7      1      10          9
8      2      11          9
9      3      10          7
10     2      10          8
11     1      11         10
12     1      12         11
13     2      10          8
14     3      11          8
15     2      11          9
16     3      10          7
17     1      11         10
18     1       9          8
19     1       9          8
20     2      11          9
21     2      12         10
22     1      11         10
23     2       9          7
24     1      10          9
25     2      11          9
26     3       9          6
27     2      10          8
28     2       9          7
29     1      10          9
30     1       9          8